[10,
 9, 3, 0, 0, 0, 40, 116, 101, 115, 116, 46, 83, 101, 114, 105, 97, 108, 105, 122, 97, 116, 105, 111, 110, 50, 84, 101, 115, 116, 36, 49, 84, 101, 115, 116, 80, 108, 97, 99, 101, 104, 111, 108, 100, 101, 114,
 11,
  9, 3, 0, 0, 0, 16, 106, 97, 118, 97, 46, 108, 97, 110, 103, 46, 79, 98, 106, 101, 99, 116,
  9, 3, 0, 0, 0, 1, 120,
  9, 3, 0, 0, 0, 1, 102,
  9, 3, 0, 0, 0, 1, 108,
  9, 3, 0, 0, 0, 1, 100,
  9, 3, 0, 0, 0, 1, 115,
  9, 3, 0, 0, 0, 3, 97, 114, 114,
  0,
 3, 0, 0, 0, 7,
 5, 64, -53, 51, 51,
 4, 0, 43, -36, 84, 98, -111, -12, -79,
 6, 64, 74, -77, 51, 51, 51, 51, 51,
 9, 3, 0, 0, 0, 17, 66, 111, 104, 101, 109, 105, 97, 110, 32, 114, 104, 97, 112, 115, 111, 100, 121,
 11,
  9, 3, 0, 0, 0, 34, 116, 101, 115, 116, 46, 83, 101, 114, 105, 97, 108, 105, 122, 97, 116, 105, 111, 110, 50, 84, 101, 115, 116, 36, 49, 78, 117, 108, 108, 65, 114, 114, 97, 121,
  10,
   9, 3, 0, 0, 0, 34, 116, 101, 115, 116, 46, 83, 101, 114, 105, 97, 108, 105, 122, 97, 116, 105, 111, 110, 50, 84, 101, 115, 116, 36, 49, 78, 117, 108, 108, 65, 114, 114, 97, 121,
   11,
    9, 3, 0, 0, 0, 16, 106, 97, 118, 97, 46, 108, 97, 110, 103, 46, 79, 98, 106, 101, 99, 116,
    9, 3, 0, 0, 0, 1, 98,
    9, 3, 0, 0, 0, 1, 99,
    9, 3, 0, 0, 0, 4, 98, 97, 114, 114,
    9, 3, 0, 0, 0, 4, 115, 97, 114, 114, #warning
    0,
   8, 0,
   7, 0, 104,
   11,
    9, 3, 0, 0, 0, 14, 106, 97, 118, 97, 46, 108, 97, 110, 103, 46, 66, 121, 116, 101,
    1, 21,
    1, 3,
    1, 127,
    1, 92,
    0,
   0,
  10,
   9, 3, 0, 0, 0, 34, 116, 101, 115, 116, 46, 83, 101, 114, 105, 97, 108, 105, 122, 97, 116, 105, 111, 110, 50, 84, 101, 115, 116, 36, 49, 78, 117, 108, 108, 65, 114, 114, 97, 121,
   11,
    9, 3, 0, 0, 0, 16, 106, 97, 118, 97, 46, 108, 97, 110, 103, 46, 79, 98, 106, 101, 99, 116,
    9, 3, 0, 0, 0, 1, 98,
    9, 3, 0, 0, 0, 1, 99,
    9, 3, 0, 0, 0, 4, 98, 97, 114, 114,
    9, 3, 0, 0, 0, 4, 115, 97, 114, 114, #warning
    0,
   8, 0,
   7, 0, 104,
   11,
    9, 3, 0, 0, 0, 14, 106, 97, 118, 97, 46, 108, 97, 110, 103, 46, 66, 121, 116, 101,
    1, 21,
    1, 3,
    1, 127,
    1, 92,
    0,
   0,
  0,
 0]
